222222222222222222222222222222222222222222222
244444444422224444444422222222222222222222222
26       726    5    722222222222222444444442
26       726  22222  7222222222222226      72
2222222  726         7222222222222226      72
2222226  726          44444444444444   26  72
2222226  726   333                     26  72
2222226  72222222222222222222222222222226  72
2222226   444444444444444444444444444444   72
2222226                                    72
222222222222222222222222222222222222222222222