000000000000000000000000000000000000000000000
000000000000000000000000000000000000000000000
00       000    0    000000000000000000000000
00       000  00000  0000000000000000      00
0000000  000         0000000000000000      00
0000000  000          00000000000000   00  00
0000000  000   000                     00  00
0000000  00000000000000000000000000000000  00
0000000   000000000000000000000000000000   00
0000000                                    00
000000000000000000000000000000000000000000000