2222222222222222222222222222222222222222222222222222222222222222222222222222222
2444444444444444444442444424444444444444444444444444244444444444444444444444442
26                  72   72                        726                       72
26                  72   72                        726                       72
22222222222222222   72   72    222                 726                       72
24444444444444444   72   72    726                 726            2     2    72
26                  722  722   726                 726     2     726   726   72
26                  72   72    726                 726           726   726   72
26                  72   72    726                 726           726   726   72
26                       72    726                 726           726   726   72
26                       72    726                 726           726   726   72
2222222222222222222222   722   726                 726     2     726   726   72
2444444444444444444444   72    726                 726           726   726   72
26                       72    726                 726           726   726   72
26                             726                 726           726   726   72
26                             726                 726           726   726   72
2222222222222222222222222222   726                 726     2     726   726   72
2444444444444444444444444444   726                  4            726   726   72
26                             726                               726   726   72
26                             726                               726   726   72
26                             726                               726   726   72
26                             726                               726   726   72
26                             726                  3            726   726   72
26                             726                 726           726   726   72
26                             726                 726           726   726   72
23333333333333333333333333333333233333333333333333332333333333333326 5 726 5 72
2222222222222222222222222222222222222222222222222222222222222222222222222222222