0000000000000000000000000000000000000000000000000000000000000000000000000000000
0000000000000000000000000000000000000000000000000000000000000000000000000000000
00                  00   00                        000                       00
00                  00   00                        000                       00
00000000000000000   00   00    000                 000                       00
00000000000000000   00   00    000                 000            0     0    00
00                  000  000   000                 000     0     000   000   00
00                  00   00    000                 000           000   000   00
00                  00   00    000                 000           000   000   00
00                       00    000                 000           000   000   00
00                       00    000                 000           000   000   00
0000000000000000000000   000   000                 000     0     000   000   00
0000000000000000000000   00    000                 000           000   000   00
00                       00    000                 000           000   000   00
00                             000                 000           000   000   00
00                             000                 000           000   000   00
0000000000000000000000000000   000                 000     0     000   000   00
0000000000000000000000000000   000                  0            000   000   00
00                             000                               000   000   00
00                             000                               000   000   00
00                             000                               000   000   00
00                             000                               000   000   00
00                             000                  0            000   000   00
00                             000                 000           000   000   00
00                             000                 000           000   000   00
00000000000000000000000000000000000000000000000000000000000000000000 0 000 0 00
0000000000000000000000000000000000000000000000000000000000000000000000000000000