22222222222222222222222222222222222222222222222222222222222222
24444424444444444444444444444444444444444442222222222222222222
26   726                                   4222222222222222222
26   726                                    422222222222222222
26   726      333                            42222222222222222
26   726     72226                            4222222222222222
26   726     7226                              422222222222222
26   726     72226                              42222222222222
26   726     7226                                4222222222222
26   726     72226  2                             422222222222
26   726     7226                                  42222222222
26   726     72226      3  3  3        3333         4222222222
26   726     72223333333233233233222   2222          422222222
26   726     7222222222222222222226                   42222222
26   72333   724444444444444444444                     4222222
26   722226  72                            2            422222
26   72444   72                                          42222
26   72      72                                 3         4222
26   725     72                                726         422
26   7222222222                  3              4      2    42
26   72                          23                 3       72
26   72     3                    223               726      72
26   72    726     3        3    2223               4       72
26          4     722222222226   22223                      72
26              3  4        4    222223       2             72
26             726               2222223                    72
26   2222222    4                22222223                   72
26   72                          222222223                  72
26   72                          2222222223                 72
26   72                          22222222223                72
23333323333333333333333333333333322222222222333333333333333332
22222222222222222222222222222222222222222222222222222222222222