2222222222222222222222222222222222222222222222222222222222222222222222222222222222222222222222222222222222222222
2222222222222222222222222222222222222222222222222222222222222222222222222222222222222222222222222222222222222222
2                                                                                                       72222222
2                                                                                                       72222222
22222222222222222223                                                                                    72222222
26                223                           3    3        3    3        3    3                      72222222
26                2223                         726  726      726  726      726  726                     72222222
26        333   5 22223                        726  726      726  726      726  726                     72222222
26      22222222222222233333                   726  726      726  726      726  726        3      3     72222222
26      4444422222222222222222                 72222226      72222226      72222226       7222222226    72222222
26          724444444444444444                  444444        444444        444444         4      4     72222222
26          726                                                                                         72222222
26          7233333333333333333333333333333333333333333333333333333333333333333333333333333333333326    72222222
22222       7222222222222222222222222222222222222222222222222222222222222222222222222222222222222226    72222222
222226       444444444422222222222222222222222222222222222222222222222222222222222222222222222222226    72222222
222226                 22222222222222222222222222222222222222222222222222222222222222222222222222226    72222222
222226                 22222222222222222222222222222222222222222222222222222222222222222222222222226    72222222
24444                 322222222222222222222222222222222222222222222222222222222222222222222222222226    72222222
26           2       7222222222222222222222222222222222222222222222222222222222222222222222222222226    72222222
26                    422222222222222222222222222222222222222222222222222222222222222222222222222226    72222222
26                     22222222222222222222222222222222222222222222222222222222222222222222222222226    72222222
22222                  24444444444444444444444444444444444444444444444444222222222222222222222222226    72222222
222226                326                                               7222222222222222222222222226     4444442
222226               7226                                               7222222222222222222222222226           2
222226                426                                               7222222222222222222222222226           2
24444                  26                                                444222222222222222222222226           2
26           2         26                                                   422222222222222222222226           2
26                    326                                                    42222222222222222222226           2
26                   72233333333  33333333333  3                              4222222222222222222226           2
22222                 4222222222  22222222222222                                                 72            2
222226                 444444444  44444444444444                         3                       72            2
222226                                                                   2                       72            2
222226                22222222222222222222222222      2              2   2      2222222222222                  2
24444                 44444444444444444444444444                3333323332      7244444444444                  2
26                                                             32222222222      726                            2
233333333333333333333333333333333333333333333333333333333333333222222222223333333233333333333333    333333333332
2222222222222222222222222222222222222222222222222222222222222222222222222222222222222222222222222222222222222222
2222222222222222222222222222222222222222222222222222222222222222222222222222222222222222222222222222222222222222