22222222222222222222222222222222222222222222222222222222222222222222222222222222222222222222222222222
24444444444444444444444444444444444444444444444444444444444222222222222222222222222222222222222222222
26                                                        7222222222222222222222222222222222222222222
26                                                        7222222222222222222222222222222222222222222
26                        3                               7222222222222222222222222222222222222222222
26                       726                              7222222222222222222222222222222222222222222
26         3              4                      3    33  7222222222222222222222222222222222222222222
26        726    2222              22222        726  7226 7222222222222222222222222222222222222222222
26        726                                   726  7226 7222222222222222222222222222222222222222222
26     3  726                                   726  7226 7222222222222222222222222222222222222222222
26    7222223333333333333333333333333333        726  7226 7222222222222222222222222222222222222222222
26    72222222222222222222222222222222226       726  7226 7222222222222222222222222222222222222222222
26     4444444444444444444444444444444426       726  7226 7222222222222222222222222222222222222222222
26                                   5 26       726  7226 7222222222222222222222222222222222222222222
22222222222222222222222222222222222222226       726  7226 7222222222222222222222222222222222222222222
222222222222222222222222222222222222222233333333326  7226 7222222222222222222222222222222222222222222
222222222222222222222222222222222222222222222222226  7226 7222222222222222222222222222222222222222222
22222222222222222222222222222222222222226            7226 7222222222222222222222222222222222222222222
22222222222222222222222222222222222222226            7226 7222222222222222222222222222222222222222222
22222222222222222222222222222222222222226            7226 7222222222222222222222222222222222222222222
22222222222222222222222222222222222222226            7226 7222222      222222222222222222222222222222
22222222222222222222222222222222222222226            7226 7222222 222  222222222222222222222222222222
22222222222222222222222222222222222222226            7226 7222222 222  222222222222222222222222222222
22222222222222222222222222222222222222226            7226 7222222 222  222222222222222222222222222222
22222222222222222222222222222222222222226       222222226         222  222222222222222222222222222222
22222222222222222222222222222222222222226       444442226         222  222222222222222222222222222222
22222222222222222222222222222222222222226            7226 2222222222222222222222222222222222222222222
22222222222222222222222222222222222222226            722332222222222222222222222222222222222222222222
22222222222222222222222222222222222222226            722222222222222222222222222222222222222222222222
22222222222222222222222222222222222222226                 7222222222222222222222222222222222222222222
22222222222222222222222222222222222222226                 7222222222222222222222222222222222222222222
22222222222222222222222222222222222222226                 7222222222222222222222222222222222222222222
22222222222222222222222222222222222222223333333333        7222222222222222222222222222222222222222222
22222222222222222222222222222222222222222222222222        7222222222222222222222222222222222222222222
22222222222222222222222222222222222222226                 7222222222222222222222222222222222222222222
22222222222222222222222222222222222222226                 7222222222222222222222222222222222222222222
22222222222222222222222222222222222222226                 7222222222222222222222222222222222222222222
22222222222222222222222222222222222222226                 7222222222222222222222222222222222222222222
22222222222222222222222222222222222222226                 7222222222222222222222222222222222222222222
22222222222222222222222222222222222222226                 7222222222222222222222222222222222222222222
22222222222222222222222222222222222222226                 7222222222222222222222222222222222222222222
22222222222222222222222222222222222222226                 7222222222222222222222222222222222222222222
22222222222222222222222222222222222222226                 7222222222222222222222222222222222222222222
22222222222222222222222222222222222222226       33333333333222222222222222222222222222222222222222222
22222222222222222222222222222222222222226       22222222222222222222222222222222222222222222222222222
22222222222222222222222222222222222222226                 7222222222222222222222222222222222222222222
22222222222222222222222222222222222222226                 7222222222222222222222222222222222222222222
22222222222222222222222222222222222222226                 7222222222222222222222222222222222222222222
22222222222222222222222222222222222222226                 7222222222222222222222222222222222222222222
22222222222222222222222222222222222222226                 7222222222222222222222222222222222222222222
22222222222222222222222222222222222222226                 7222222222222222222222222222222222222222222
22222222222222222222222222222222222222226                 7222222222222222222222222222222222222222222
22222222222222222222222222222222222222226                 7222222222222222222222222222222222222222222
22222222222222222222222222222222222222226                 7222222222222222222222222222222222222222222
22222222222222222222222222222222222222226                 7222222222222222222222222222222222222222222
22222222222222222222222222222222222222223333333333        7222222222222222222222222222222222222222222
22222222222222222222222222222222222222222222222222        7222222222222222222222222222222222222222222
22222222222222222222222222222222222222226                 7222222222222222222222222222222222222222222
22222222222222222222222222222222222222226                 7222222222222222222222222222222222222222222
22222222222222222222222222222222222222226                 7222222222222222222222222222222222222222222
22222222222222222222222222222222222222226                 7222222222222222222222222222222222222222222
22222222222222222222222222222222222222226                 7222222222222222222222222222222222222222222
22222222222222222222222222222222222222226                 7222222222222222222222222222222222222222222
22222222222222222222222222222222222222226                 7222222222222222222222222222222222222222222
22222222222222222222222222222222222222226                 7222222222222222222222222222222222222222222
22222222222222222222222222222222222222226                 7222222222222222222222222222222222222222222
22222222222222222222222222222222222222226                 7222222222222222222222222222222222222222222
22222222222222222222222222222222222222226                 7222222222222222222222222222222222222222222
22222222222222222222222222222222222222226       33333333333222222222222222222222222222222222222222222
22222222222222222222222222222222222222226       22222222222222222222222222222222222222222222222222222
22222222222222222222222222222222222222226                 7222222222222222222222222222222222222222222
22222222222222222222222222222222222222226                 7222222222222222222222222222222222222222222
22222222222222222222222222222222222222226                 7222222222222222222222222222222222222222222
22222222222222222222222222222222222222226                 7222222222222222222222222222222222222222222
22222222222222222222222222222222222222226                 7222222222222222222222222222222222222222222
222222222222222222222222222222222222222233333333   333333332222222222                               2
222222222222222222222222222222222222222222222222 5 222222222222222222                             5 2
22222222222222222222222222222222222222222222222222222222222222222222222222222222222222222222222222222